3,2
3,1
3,3
10,98
10,244
10,118
10,28
10,282
10,268
10,110
10,1
10,4
10,2
10,3
11,22
11,12
11,13
11,19
11,6
11,23
11,1
11,4
11,2
11,3
9,7
9,4
9,1
9,6
9,2
9,3
8,16
8,4
8,17
8,12
8,1
8,6
8,2
8,3
12,2
12,1
12,3
20,2
20,1
20,3
19,2
19,1
19,3
18,1
18,3
14,1
14,3
13,1
83,5
83,4
13,3
83,3
83,2
83,1
83,0
80,5
80,4
80,3
80,2
80,1
80,0
77,5
77,4
77,3
77,2
2,2
77,1
2,1
77,0
74,3
2,3
74,2
74,1
74,0
73,5
73,4
73,3
73,2
73,1
73,0
72,4
72,3
72,2
72,1
72,0
71,4
71,3
71,2
71,1
71,0
70,4
70,3
70,2
70,1
70,0
69,3
69,2
69,1
69,0
0,0
84,34
84,33
84,32
84,31
